739
192
117
491
408
454
409
108
956
717
356
589
312
747
326
104
28
911
359
16
56
813
301
238
350
235
634
692
570
9
336
740
995
814
585
317
804
563
851
5
711
872
975
227
855
240
21
563
388
726
407
692
25
451
474
192
643
555
682
630
303
377
946
347
541
79
300
865
11
935
306
224
947
153
282
657
774
414
52
253
438
561
852
774
6
506
194
102
535
703
674
992
168
686
991
375
470
476
670
570
696
252
225
635
101
605
744
377
172
351
697
818
244
640
267
271
596
392
324
932
619
83
371
846
61
991
55
94
856
865
825
421
933
584
742
101
470
273
772
890
935
930
423
9
609
667
531
581
129
463
106
522
241
923
596
376
189
621
949
168
725
901
704
653
58
284
316
938
925
232
752
174
746
721
254
92
912
36
301
133
662
756
647
497
319
533
380
401
50
754
606
385
601
386
68
220
678
807
526
735
836
159
644
100
816
605
282
371
673
920
754
640
41
887
200
996
481
214
256
458
433
541
493
447
725
413
151
469
411
60
299
483
527
406
135
208
736
698
846
586
552
688
674
930
61
954
300
906
484
818
941
880
685
884
542
698
305
720
977
11
483
785
661
797
411
227
102
95
518
422
471
929
621
523
256
608
539
78
660
700
71
269
284
543
13
399
662
971
453
826
872
312
256
274
469
580
694
161
974
522
390
61
248
197
74
207
437
947
827
557
821
938
441
291
292
564
767
138
89
145
321
748
287
950
112
948
283
484
960
634
415
141
729
4
77
645
732
69
487
827
744
662
807
787
588
581
365
452
278
662
183
26
725
260
32
388
968
760
981
893
113
541
741
683
343
199
804
186
738
529
272
928
777
247
814
182
25
245
298
893
8
847
512
710
356
337
660
253
45
637
446
71
364
515
320
39
996
736
583
285
878
410
89
586
772
362
80
853
859
241
266
191
495
946
938
438
229
737
658
930
933
139
267
95
759
252
533
128
803
639
741
270
328
619
766
647
360
774
27
41
172
942
884
689
160
581
214
604
614
162
290
426
821
241
505
267
24
230
257
243
891
176
272
399
452
905
936
862
390
58
176
406
80
752
96
795
501
328
228
759
270
225
749
613
39
315
837
258
487
823
196
706
415
903
403
645
873
894
556
396
418
248
893
527
27
912
631
372
138
642
721
865
845
567
614
98
969
576
49
375
557
382
765
89
356
685
720
187
198
71
198
129
927
807
391
110
902
265
344
662
969
250
927
175
570
864
141
520
468
202
207
745
347
217
600
688
97
36
478
574
995
767
697
669
46
30
156
472
664
4
442
564
389
754
445
549
393
333
633
528
280
109
802
470
565
917
781
581
366
990
271
796
284
782
722
650
410
354
445
123
244
924
914
539
342
759
780
249
304
669
920
872
534
197
36
650
474
298
527
22
571
812
931
415
382
188
691
981
733
981
877
894
549
664
859
742
940
464
791
74
779
947
651
337
907
704
960
996
12
204
732
741
757
419
389
878
505
270
232
231
318
423
8
890
175
950
394
65
590
485
397
951
375
697
147
431
349
381
103
285
230
147
256
521
319
136
206
580
511
931
77
658
764
752
173
335
757
474
105
515
815
724
419
227
878
371
995
975
348
193
39
703
217
695
520
38
282
936
989
954
596
936
166
805
515
805
921
713
824
407
548
269
951
448
290
358
985
507
373
504
693
867
444
653
497
772
889
246
464
290
775
898
337
812
419
250
289
260
244
779
98
980
484
526
58
563
505
212
47
309
889
492
5
588
962
374
437
303
653
980
20
597
864
311
529
859
253
724
954
58
594
248
176
11
702
612
63
644
239
118
788
430
289
593
748
396
77
611
945
474
591
70
377
480
698
787
27
471
974
632
389
359
553
586
57
309
422
701
861
915
254
268
875
490
27
651
375
152
497
331
896
459
347
926
492
96
459
512
537
311
987
708
628
716
940
36
144
229
673
735
663
104
503
285
447
254
291
22
625
108
313
760
897
252
385
537
804
126
9
786
47
92
958
757
31
387
338
722
168
841
173
928
925
748
553
997
124
67
73
593
121
564
44
58
383
633
784
266
248
458
746
361
732
478
646
406
673
52
270
262
765
449
728
298
176
983
724
520
339
776
788
704
467
744
187
291
341
20
114
375
255
758
999
964
498
88
25
162
136
894
855
592
804
162
756
413
526
496
772
805
434
701
473
213
297
800
424
201
905
994
590
155
391
766
208
354
148
8
222
323
825
568
974
816
23
34
30
162
527
885
748
254
6
178
928
551
329
422
75
61
