13.94
158.78
113.56
170
57.46
246.16
162.52
121.72
327.08
157.76
239.7
49.3
95.54
281.18
326.74
166.94
338.3
320.28
281.18
148.24
132.94
205.36
306.68
52.02
99.28
129.88
143.14
243.44
244.12
304.3
151.98
246.84
262.14
182.92
295.46
310.08
226.78
101.66
11.9
303.96
239.02
275.74
109.48
113.22
228.82
225.76
47.94
241.74
86.02
295.12
185.98
218.96
225.08
257.38
12.58
292.06
245.82
251.94
179.86
264.52
107.44
11.9
64.6
286.28
97.92
36.04
13.6
320.28
89.76
220.32
151.64
273.7
302.6
247.86
125.8
119
2.04
34.34
133.62
186.32
213.86
211.82
28.56
324.36
257.04
285.6
328.44
127.84
316.54
104.72
320.96
149.26
212.84
109.82
182.58
182.92
40.12
27.88
315.86
183.94
283.22
39.1
217.26
223.72
239.36
316.2
332.18
104.04
228.82
131.24
7.14
253.3
314.16
24.48
91.8
281.86
264.18
194.82
32.98
174.08
335.24
98.6
54.74
216.24
120.7
260.78
222.7
195.16
10.54
17.68
119
51
319.94
246.16
328.44
146.2
36.38
64.94
2.38
114.58
155.38
97.58
256.02
130.22
321.3
309.06
71.06
257.72
75.14
199.92
143.48
321.64
172.04
10.2
140.42
57.12
306
200.94
259.08
222.7
139.4
122.06
212.16
182.58
186.32
164.22
202.3
13.94
204.68
119
98.94
284.24
127.16
6.8
202.64
7.14
118.32
67.66
227.12
164.56
95.54
249.56
18.02
339.66
142.12
318.92
306
267.92
43.18
158.78
247.52
303.62
220.32
164.22
274.38
143.14
105.4
209.78
276.42
174.76
105.06
209.44
317.9
153.34
204
84.66
176.46
189.04
271.32
103.02
76.16
2.72
286.96
207.06
336.26
238.68
66.3
164.9
31.62
116.62
177.82
199.58
106.76
171.02
152.32
68
155.72
210.12
197.2
270.64
271.32
95.54
200.26
271.32
3.06
53.38
160.48
211.48
182.92
99.28
12.92
60.86
64.6
223.38
325.72
64.94
277.1
301.92
53.04
173.74
68.68
215.56
92.48
18.7
111.52
219.64
123.08
301.24
297.5
147.22
295.46
48.28
286.96
141.44
299.54
339.32
109.48
221.34
7.14
237.66
189.38
161.84
303.28
132.26
25.5
242.08
204
173.4
1.02
295.46
292.74
233.92
136.34
268.26
86.7
143.82
0.68
198.9
61.88
96.9
29.92
144.84
209.78
257.38
282.88
316.88
57.46
52.36
245.14
64.26
331.84
111.86
125.12
235.28
144.5
188.7
147.56
186.66
149.94
174.08
49.3
20.4
244.12
256.02
47.26
143.82
94.86
338.64
233.58
179.86
186.66
148.58
294.44
322.66
65.62
66.3
100.98
141.44
97.24
35.7
165.92
95.88
154.7
249.56
38.76
238.34
107.44
228.14
267.24
89.42
106.42
120.7
62.9
18.02
310.08
274.72
282.88
321.3
106.42
257.04
109.14
189.72
219.64
333.88
163.54
48.96
66.64
75.48
43.86
54.74
181.9
153
58.82
158.44
14.96
224.06
99.28
149.26
86.02
8.16
52.36
173.4
253.3
220.66
63.24
106.42
161.16
7.48
57.12
6.12
267.58
307.7
325.72
132.94
68.68
212.5
162.18
140.76
106.76
280.16
113.56
297.16
126.48
54.06
283.22
23.8
165.58
100.98
176.12
60.18
262.82
91.8
259.42
227.12
65.28
334.9
34.68
163.2
72.42
213.18
272.68
33.66
179.18
212.5
184.62
314.16
7.82
330.48
20.74
61.54
1.02
146.88
171.7
201.62
246.5
10.54
167.28
48.28
75.48
97.24
21.76
306
63.58
122.4
140.42
331.16
91.8
57.8
79.9
283.22
241.74
258.4
304.64
226.78
96.9
187
47.6
235.96
236.3
212.16
6.46
42.5
195.84
235.96
223.72
102.68
126.14
158.44
230.52
201.62
289.34
164.56
6.12
157.76
40.46
51.68
272
29.58
20.4
314.84
3.4
257.38
57.8
107.1
195.84
77.18
14.62
257.72
55.76
37.06
299.88
29.24
192.1
165.58
196.18
161.16
212.5
213.18
213.86
315.52
143.82
176.8
306.68
327.08
41.82
202.64
250.58
88.74
66.3
178.5
89.76
88.4
68.68
39.44
10.2
110.84
3.74
262.14
139.74
185.98
52.02
176.8
268.6
314.16
63.92
259.42
319.6
289.34
225.08
281.86
306
242.42
325.72
196.52
124.1
2.38
162.18
68
19.72
149.26
103.02
258.4
121.38
110.16
162.18
36.72
38.42
301.58
272.34
289
156.4
145.52
337.62
130.56
137.7
183.6
37.74
239.36
283.9
121.04
24.48
119
279.82
164.9
189.04
73.44
212.84
121.38
178.84
121.38
114.58
92.14
295.46
122.74
304.64
7.48
209.78
38.08
243.78
236.64
198.9
13.94
143.82
43.86
77.86
192.1
190.06
316.88
100.64
290.7
18.02
327.08
198.56
249.56
222.36
330.48
155.38
125.46
180.88
327.42
206.38
164.22
309.74
215.9
22.78
288.32
229.5
318.92
75.82
48.28
256.36
173.74
251.94
59.5
156.06
280.5
75.14
295.8
212.84
317.56
69.7
266.22
289
135.32
94.86
238.34
65.62
249.56
216.58
181.56
189.04
337.62
59.84
239.7
327.08
186.32
299.54
102
140.42
217.94
290.7
290.7
48.28
157.08
207.74
298.18
144.16
230.52
255.68
150.62
100.64
228.82
13.6
106.42
297.5
24.48
278.12
207.4
5.78
316.88
38.08
236.3
57.46
282.54
13.6
165.92
232.9
30.6
168.98
200.26
336.6
49.3
120.02
106.76
221.34
251.6
14.96
87.72
113.9
258.06
65.28
205.7
89.76
61.54
171.02
281.86
263.5
206.72
99.28
338.98
186.66
189.04
190.74
213.18
158.78
183.94
43.86
81.6
276.42
59.16
204.34
26.18
73.1
232.22
72.42
337.28
280.16
204.34
133.28
258.06
227.8
145.52
9.18
28.56
25.5
267.24
169.32
329.8
97.58
287.98
205.36
171.02
75.14
225.42
240.04
123.42
3.4
58.14
166.26
81.6
55.76
184.28
210.46
310.42
200.94
239.36
278.12
78.88
255
69.7
331.5
183.26
103.02
143.48
33.32
83.98
198.56
220.32
330.14
293.76
310.42
25.5
185.3
242.08
185.64
230.52
261.46
89.08
176.46
334.9
98.26
320.96
294.1
183.6
83.3
172.72
108.12
295.8
204.34
109.82
44.88
160.48
51.68
29.58
193.8
259.42
306.34
35.02
143.82
179.18
204
329.46
5.1
192.1
9.52
184.62
117.98
29.92
320.62
216.58
139.06
157.42
16.66
231.54
199.92
116.28
206.72
20.4
75.14
257.72
324.36
301.92
49.64
234.6
322.66
286.62
146.2
210.8
254.32
22.78
182.24
266.22
11.9
76.84
62.9
12.92
290.02
213.86
76.16
254.32
313.82
122.06
87.38
260.44
320.96
324.7
108.12
246.84
139.74
8.5
120.7
0.34
186.66
168.64
198.56
175.1
327.76
116.28
25.5
310.42
48.28
66.64
322.32
24.48
144.84
206.04
58.82
145.86
137.36
239.7
212.84
276.08
127.5
31.62
192.1
12.24
250.24
47.94
276.76
337.96
87.04
221.68
318.24
284.92
163.88
120.7
5.1
44.54
78.2
285.94
212.5
3.74
216.58
63.24
234.6
221
225.08
215.56
303.62
120.02
141.44
153.68
2.72
89.08
79.22
154.36
103.02
215.56
103.02
87.04
50.32
42.16
107.78
72.42
37.06
9.52
68
27.2
108.12
291.72
17
52.7
122.74
89.76
307.02
229.84
218.62
309.06
306.68
190.74
166.26
322.32
95.88
222.02
229.16
74.8
136.68
313.82
282.54
125.46
298.52
88.06
2.72
210.46
330.14
1.02
321.3
265.54
171.36
133.28
232.9
106.42
237.32
200.26
245.48
318.92
12.58
139.4
156.74
79.56
172.72
326.74
326.06
167.62
175.1
91.46
318.58
295.46
19.72
238
330.14
89.76
39.78
73.1
188.7
277.1
112.2
13.26
72.08
97.92
27.88
324.36
28.9
241.4
164.56
263.16
129.2
277.1
323.34
183.94
39.1
230.86
37.4
305.32
24.82
267.92
332.18
44.88
325.04
234.26
38.42
2.72
319.94
268.6
245.82
123.42
9.52
62.56
264.52
68
24.14
300.9
331.16
24.14
113.22
294.78
52.02
100.3
57.12
280.5
229.84
213.86
221
203.32
105.06
235.62
233.24
27.2
39.44
84.66
226.78
